Лев Толстой. Война и мир. 9 8 1274 9 6 1869 0 0 0 0 1 1 1 0 0 0 0 0 1 0  
Михаил Булгаков. Мастер и маргарита. 9 9 480 7 6 1940 0 0 0 0 0 1 1 0 0 0 0 0 1 1
Фёдор Достаевский. Преступление и наказание. 8 8 331 7 5 1866 0 0 0 0 0 1 0 0 0 0 0 1 1 0
Антуан де Сент-Экзюпери. Маленький принц. 8 8 100 6 7 1942 0 0 1 0 0 0 0 0 0 0 0 0 0 1 1
Михаил Булгаков. Собачье сердце. 10 9 100 8 5 1925 0 0 0 0 0 1 0 0 0 0 0 0 1 1
Эрих Мария Ремарк. Три товарища. 7 9 470 7 5 1936 0 0 0 0 1 0 0 0 0 0 0 0 0 0
Джером Сэлинджер. Над пропастью во ржи. 6 7 230 5 5 1951 0 0 0 0 0 0 0 0 1 0 0 0 0 0
Михаил Лермонтов. Герой нашего времени. 8 8 423 8 7 1840 0 0 0 0 0 1 1 0 0 0 0 0 1 0
Николай Гоголь. Мёртвые души. 6 7 570 5 6 1842 0 0 0 0 0 1 0 0 0 1 0 0 1 0
Евгений Замятин. Мы. 7 7 350 8 4 1920 0 0 0 0 0 0 0 0 0 1 0 0 0 1
Александр Дюма. Три мушкетёра. 7 9 672 8 6 1844 0 0 1 0 1 0 0 0 0 0 0 0 1 0
Александр Пушкин. Евгений Онегин. 9 9 640 7 6 1830 0 0 0 0 0 1 1 1 0 0 0 0 1 0
Иван Тургенев. Отцы и дети. 8 7 222 7 6 1861 0 0 0 0 0 1 1 0 0 0 0 0 1 0
Александр Дюма. Граф Монте-Кристо. 9 7 624 9 5 1846 0 0 0 0 1 1 1 0 0 0 0 0 0 0
Джоан Роулинг. Гарри Поттер и орден Феникса. 8 10 638 8 7 2004 0 0 1 0 0 0 0 0 1 0 0 0 0 1
Джон Толкин. Властелин колец. 9 10 600 8 5 1954 0 0 0 0 0 0 0 0 0 0 0 0 0 1
Джек Лондон. Мартин Иден. 7 6 640 6 6 1909 0 0 0 0 0 0 0 0 0 1 0 0 0 1
Александр Волков. Волшебник Изумрудного города. 8 7 100 8 7 1938 0 0 1 0 0 0 0 0 1 0 0 0 0 0
Александр Грибоедов. Горе от ума. 7 6 316 7 5 1824 0 0 0 0 0 1 0 1 0 0 0 0 1 0
Уолтер Айзексон. Стив Джобс. 6 5 330 5 8 2011 1 0 0 1 0 0 0 0 0 0 0 0 0 0
Иван Гончаров. Обломов. 6 7 434 4 7 1859 0 0 0 0 0 1 0 0 0 0 0 0 1 0
Джон Грин. Виноваты звёзды. 9 7 288 8 6 2012 0 0 0 0 0 0 1 0 0 0 0 0 0 0
Лев Толстой. Анна Каренина. 8 8 960 8 6 1877 0 0 0 0 0 1 1 0 0 0 0 0 0 0 
Александр Пушкин. Капитанская дочка. 7 9 363 8 6 1836 0 0 0 0 1 1 1 0 0 0 0 0 1 0
Михаил Шолохов. Тихий Дон. 10 8 1679 9 7 1932 0 0 0 0 1 1 1 0 0 0 0 0 1 0
Борис Васильев. А зори здесь тихие. 8 7 608 8 7 1956 0 0 0 0 1 0 0 0 0 0 0 0 0 0
